v -0.15968999 0.05354400 -0.02978700
v 0.01625500 -0.16814101 -0.20739099
v -0.24315000 -0.22364900 -0.03549050
v 0.13363799 -0.37321201 -0.02853300
v 0.24418600 -0.50344902 -0.03996700
v -0.13992000 -0.55565202 -0.04653200
v 0.31340399 -0.56113499 -0.06394200
v -0.08668400 0.30990499 -0.19481000
v -0.19585399 -0.16968550 -0.14295051
v 0.07681350 -0.22242950 -0.12716749
v 0.05700525 -0.12317713 0.00457862
v -0.18291600 0.18518800 -0.13920850
v -0.15949599 -0.36812401 -0.02465550
v 0.20288201 -0.23642550 -0.12830850
v 0.29650700 -0.54024726 -0.01318475
v -0.18363801 -0.54988098 -0.00548000
v -0.21209800 -0.14507250 -0.04889800
v 0.34280851 0.18779300 0.26468650
v 0.36030301 0.22775500 0.32829201
v -0.01341056 0.36393750 -0.11293250
v -0.10509963 -0.41441000 -0.13145062
v 0.26312801 -0.35726550 -0.08829750
v 0.17506100 0.22612600 -0.03513350
v -0.10229500 -0.20707750 -0.00287550
v -0.01321200 -0.22337300 -0.31148350
v -0.12351032 0.07403056 -0.18568669
v -0.14342922 0.27957430 -0.05487844
v -0.23191451 -0.34844801 -0.05906500
v 0.04142413 0.29377413 -0.21176937
v 0.11588450 -0.06177000 -0.14691800
v 0.17495400 0.19633900 -0.14275900
v -0.09585200 0.20923650 -0.23832349
v 0.23672099 0.17862700 -0.04946000
v 0.26344749 0.12523200 -0.01437700
v -0.22487999 0.08505513 -0.02967750
v -0.15469150 -0.09480700 -0.06618750
v 0.13743100 -0.12901475 -0.00323550
v 0.14600500 -0.26420951 -0.12053650
v 0.03481200 0.14476575 -0.24996100
v -0.00260700 0.19070099 0.29569599
v 0.14994000 -0.31852201 -0.04283400
v 0.36741599 0.27721301 0.31685901
v 0.01583050 -0.24928451 -0.33110401
v 0.16191100 -0.55475402 -0.16649000
v 0.25750801 -0.35120651 -0.02910400
v -0.22076949 -0.34149799 -0.01146000
v 0.39821100 0.18249600 0.29497501
v 0.08330300 0.03138075 -0.17609175
v -0.22501899 -0.52695000 -0.03750800
v 0.13647300 -0.53833503 -0.13705499
v 0.38507700 0.27586901 0.25449800
v 0.13297699 -0.25707999 -0.01187950
v 0.08886131 0.33215740 -0.05169381
v 0.39795151 0.21425299 0.25788951
v 0.20184237 -0.41547161 -0.03062263
v -0.04148250 0.15656351 0.26021251
v -0.12329775 -0.13418750 0.00235875
v 0.18093900 0.16021700 -0.09187900
v 0.16858600 -0.52681398 -0.05714100
v 0.12205000 0.00825700 -0.06653200
v 0.24924549 -0.24397150 -0.06738050
v -0.14572100 -0.56022602 -0.18697850
v 0.32317099 0.29968399 0.28197399
v -0.10735900 -0.26100799 -0.11537850
v 0.22356249 0.22185449 0.03158300
v -0.11435562 -0.47157437 -0.12603626
v -0.23670650 -0.56277651 -0.10371850
v -0.22672699 -0.35793900 -0.14147501
v -0.18329000 -0.45148700 -0.18610600
v 0.00540500 0.22776300 0.22898000
v -0.22009650 -0.50102103 -0.12691849
v 0.23817299 -0.51774198 -0.00671800
v -0.02802700 -0.15133600 -0.00881250
v 0.35253000 0.31435001 0.26738000
v -0.11629700 -0.31847149 -0.05699250
v 0.02412300 -0.21169400 -0.22354300
v -0.10873600 -0.53795350 -0.15754800
v -0.15867700 -0.25840801 -0.13951500
v 0.13279299 -0.19640900 0.01189700
v -0.40126300 0.25693300 0.24947700
v 0.03877650 -0.19803050 -0.07732850
v -0.22424500 0.21190099 -0.00803600
v 0.31262600 0.16097200 0.04093900
v -0.04395600 0.22488301 0.22555600
v 0.22020701 0.08980700 0.02103250
v -0.37889251 0.20533800 0.19620200
v -0.00177950 -0.11440350 0.02741200
v 0.20704800 -0.56403601 -0.10187600
v -0.07052950 0.34298474 0.03696225
v 0.16708462 -0.09491087 -0.06965268
v 0.16253100 0.08857000 0.01669600
v -0.00555500 -0.18916100 -0.16021501
v -0.08656800 -0.03394800 0.00860100
v 0.05805000 -0.07986300 -0.18950550
v 0.23837300 -0.18134300 -0.03414000
v -0.13080201 0.01847700 -0.12999199
v 0.14496399 -0.14725301 -0.16583499
v -0.14511199 -0.47284350 -0.08554600
v 0.03192100 0.31759501 0.17507400
v -0.37418550 0.33186349 0.20521225
v 0.07678800 -0.01475500 0.00374200
v 0.00695600 -0.16834600 -0.12874401
v -0.03506350 0.02871550 0.07063500
v -0.19345000 -0.20531900 0.01163300
v -0.18812200 -0.27643299 0.01376100
v -0.25711900 0.13015200 -0.07044900
v 0.36671701 0.17450300 0.22036700
v 0.19020000 -0.44819599 -0.15021899
v 0.32602200 0.27070099 0.20341000
v -0.40035775 0.20014113 0.06310263
v 0.25070199 -0.27204499 0.00841500
v 0.28150100 0.20461801 0.01005400
v -0.19328600 0.22877800 -0.07276200
v -0.06076400 -0.19724400 -0.03770100
v 0.31854001 0.24797100 0.24615000
v -0.34246349 0.11739750 0.07289850
v -0.30783501 0.11155600 -0.00403300
v -0.27399501 0.09466400 0.04524600
v 0.16378100 -0.56242698 -0.08073800
v 0.11743200 0.05852600 0.06258600
v 0.27416801 -0.56498098 -0.09813100
v 0.02378950 0.17014150 0.26128599
v -0.26476699 0.19211100 0.04186800
v 0.30558401 -0.52694499 -0.06881600
v -0.32579401 0.16441600 0.00193200
v -0.16369300 -0.51159298 -0.04708400
v -0.42508250 0.28230849 0.19872400
v 0.21540301 -0.48661199 -0.13986200
v -0.30409700 0.21072100 0.02157700
v 0.33460501 0.12687850 0.15289000
v 0.15740350 -0.40337151 -0.13483125
v -0.07409100 0.19201051 0.19220001
v 0.04663100 0.20922500 0.20389900
v 0.17886600 0.20285299 0.05235900
v -0.10371400 -0.15248750 -0.16750801
v 0.15138800 -0.50908500 -0.13212100
v 0.24405000 -0.55401498 0.02433300
v -0.18748400 0.13398799 0.04026300
v -0.03669400 -0.03424300 -0.21371500
v -0.19837500 -0.29040101 -0.11540100
v 0.00048100 -0.22691301 -0.20481899
v -0.12424200 0.23309700 0.08243100
v -0.19336900 0.17488800 0.04214500
v -0.19120200 0.10617500 -0.09542000
v 0.23018301 -0.40479100 -0.14509100
v 0.16083175 0.08974925 -0.10618350
v -0.12912899 -0.07564700 -0.14681700
v 0.17287000 0.13107701 0.06620400
v 0.09588200 0.26913500 0.05867900
v 0.36540276 0.25064525 0.17821500
v -0.26644799 0.18506899 -0.05363700
v 0.15495300 -0.48616499 -0.07409700
v 0.12565312 0.17049487 0.07957113
v -0.09947650 0.18061700 0.08125000
v 0.06173800 -0.16279800 -0.16286799
v -0.10734275 0.07110975 0.07761825
v -0.07762850 0.29643399 0.17201900
v 0.12415600 -0.41058901 -0.09054200
v -0.13707700 -0.04566900 -0.07713800
v 0.28226101 0.21557599 0.05375100
v -0.03495300 -0.17351900 -0.20114200
v 0.37739301 0.20995700 0.09865250
v -0.04845900 -0.19824000 -0.09336150
v 0.23075800 0.13288200 0.10108000
v -0.03019650 0.13761900 0.16585650
v -0.27543899 0.21594100 0.08072000
v 0.11117550 0.12058100 -0.21316850
v -0.25357601 0.13989900 0.06367400
v 0.07141900 0.08633900 0.10004350
v 0.24247600 0.21277000 0.12725000
v 0.21534801 0.17521100 0.09238200
v -0.35697499 0.22963500 0.02409200
v -0.39806399 0.17256600 0.14977799
v -0.23987401 -0.56950498 -0.03784500
v -0.42585900 0.19017600 0.10002100
v 0.01229050 -0.12162250 -0.19223800
v -0.02255900 0.13846050 0.09976250
v 0.25285101 -0.46864700 -0.07789400
v -0.05768400 0.14100000 -0.25170401
v 0.05870600 0.31659001 0.07814400
v -0.09723500 0.26657400 0.12739301
v 0.37881801 0.15671900 0.11401500
v -0.14008200 -0.32815200 -0.12980700
v 0.20755000 -0.53283000 -0.15674300
v 0.06957750 0.16818400 0.08655250
v 0.31757599 0.13206001 0.07892100
v 0.40076599 0.18954700 0.16431500
v 0.06654200 0.30301300 0.14657401
v -0.34004101 0.30003449 0.11520900
v -0.29530650 0.15058351 0.11703700
v -0.23109099 -0.20511000 -0.11268900
v -0.11562475 0.38609576 0.14863025
v 0.24251600 -0.45915300 -0.12560201
v -0.07627000 0.20759700 0.12538201
v -0.16178800 -0.35281000 -0.16570200
v 0.02943200 0.16682500 0.20058700
v -0.18842100 -0.48150700 -0.09647300
v -0.00924700 -0.25433001 -0.28256100
v 0.04182100 0.35227901 0.10729400
v -0.04213350 0.33840349 0.14938200
v 0.24342300 -0.31506401 -0.10548100
v -0.32894301 0.12219800 0.12367300
v 0.05642200 0.40092000 0.15359700
v -0.33106700 0.26474300 0.14243300
v -0.11641100 -0.00671000 -0.00873300
v -0.11947800 -0.37782699 -0.15457401
v 0.09221100 0.36829501 0.13918500
v -0.11387200 0.34809601 0.12060700
v -0.05747000 -0.16366901 -0.16419300
v -0.03720900 -0.20231800 -0.22674599
v 0.28606501 0.26516700 0.13484000
v 0.21935000 -0.56890202 -0.03006800
v 0.29688200 0.12945101 0.17814100
v -0.41464400 0.24608199 0.13470200
v 0.05732350 0.20874600 0.13867199
v 0.07648350 0.39888549 0.19439200
f 106 144 35
f 126 71 49
f 82 27 113
f 113 151 82
f 118 168 190
f 52 11 81
f 191 9 78
f 17 36 9
f 163 81 73
f 81 87 73
f 52 38 41
f 45 55 178
f 31 146 167
f 19 42 63
f 48 60 30
f 8 27 20
f 87 81 11
f 95 61 90
f 155 38 10
f 6 174 67
f 146 60 48
f 6 16 174
f 106 117 125
f 47 18 107
f 133 196 215
f 205 159 93
f 41 55 52
f 114 24 75
f 177 196 165
f 209 64 135
f 8 32 27
f 7 15 212
f 55 59 5
f 19 63 115
f 46 3 28
f 159 36 93
f 19 115 18
f 5 72 15
f 109 211 170
f 134 171 65
f 54 51 42
f 101 37 90
f 8 20 29
f 144 96 1
f 42 74 63
f 26 48 139
f 60 91 101
f 96 205 1
f 145 201 22
f 176 209 135
f 72 5 59
f 6 126 16
f 17 57 36
f 53 29 20
f 201 61 45
f 163 75 64
f 136 119 59
f 129 151 125
f 122 40 56
f 32 8 29
f 191 28 3
f 46 98 13
f 4 41 38
f 40 122 70
f 40 84 56
f 73 24 114
f 146 33 34
f 59 212 72
f 22 201 45
f 91 60 146
f 167 39 29
f 6 62 77
f 131 14 145
f 10 102 155
f 41 4 55
f 106 151 12
f 66 21 75
f 31 23 58
f 121 7 88
f 51 74 42
f 12 151 113
f 64 209 163
f 174 16 49
f 9 147 135
f 146 85 91
f 31 167 29
f 126 197 71
f 140 28 191
f 178 22 45
f 11 52 79
f 150 51 54
f 37 52 55
f 71 28 68
f 123 151 129
f 89 20 27
f 1 35 144
f 15 137 212
f 128 108 193
f 54 42 19
f 184 136 128
f 139 94 176
f 16 126 49
f 53 134 23
f 197 46 28
f 4 38 158
f 193 108 145
f 47 19 18
f 145 108 131
f 72 212 137
f 115 63 109
f 83 34 33
f 118 117 35
f 91 120 101
f 90 97 30
f 102 92 155
f 21 64 75
f 3 104 17
f 111 61 95
f 46 105 3
f 55 45 111
f 203 207 199
f 94 30 97
f 67 49 71
f 123 82 151
f 172 129 125
f 92 210 141
f 70 84 40
f 35 1 205
f 201 145 14
f 24 73 57
f 11 79 37
f 26 144 12
f 70 122 133
f 127 86 80
f 74 109 63
f 161 210 92
f 134 65 23
f 112 33 65
f 83 33 112
f 35 205 156
f 84 157 132
f 69 66 77
f 167 48 39
f 125 117 116
f 101 11 37
f 33 146 58
f 127 80 100
f 2 92 141
f 84 70 99
f 26 139 135
f 27 82 143
f 158 55 4
f 108 128 131
f 104 57 17
f 184 121 88
f 56 84 132
f 52 37 79
f 179 26 32
f 135 78 9
f 13 105 46
f 13 24 105
f 53 31 29
f 98 77 66
f 43 76 141
f 125 110 172
f 124 121 178
f 73 93 57
f 111 95 37
f 3 105 104
f 109 51 150
f 81 38 52
f 130 18 213
f 7 124 15
f 26 96 144
f 78 64 183
f 101 90 60
f 105 24 104
f 158 131 136
f 82 123 143
f 154 143 138
f 48 167 146
f 24 13 75
f 31 58 146
f 138 143 123
f 103 205 93
f 165 56 132
f 130 187 107
f 170 18 115
f 99 70 133
f 160 112 65
f 191 3 17
f 142 143 154
f 138 118 35
f 201 14 61
f 56 165 122
f 177 215 196
f 55 158 152
f 43 198 25
f 107 150 54
f 84 99 157
f 93 73 87
f 24 57 104
f 78 183 140
f 160 83 112
f 81 102 10
f 117 118 116
f 107 187 150
f 2 210 161
f 211 109 150
f 169 11 120
f 53 23 31
f 15 124 5
f 43 25 76
f 93 87 103
f 59 152 136
f 141 76 2
f 128 136 131
f 98 6 77
f 103 87 11
f 161 176 2
f 197 126 98
f 92 209 161
f 106 35 117
f 168 138 123
f 138 35 156
f 7 121 124
f 15 72 137
f 205 103 156
f 140 183 68
f 191 78 140
f 129 189 166
f 125 151 106
f 48 26 39
f 110 125 116
f 138 156 154
f 85 148 91
f 196 133 122
f 58 23 33
f 36 57 93
f 13 66 75
f 44 119 50
f 161 209 176
f 6 67 62
f 18 130 107
f 76 210 2
f 91 148 120
f 64 21 183
f 198 43 141
f 128 193 178
f 27 143 142
f 51 109 74
f 160 162 83
f 64 78 135
f 163 73 114
f 34 83 186
f 136 50 119
f 124 178 5
f 34 186 85
f 136 152 158
f 166 123 129
f 18 170 213
f 204 80 86
f 36 159 147
f 81 10 38
f 189 129 172
f 134 53 153
f 33 23 65
f 60 90 30
f 94 48 30
f 153 171 134
f 98 46 197
f 118 138 168
f 28 140 68
f 53 20 180
f 80 204 100
f 180 149 53
f 53 149 153
f 166 168 123
f 120 148 153
f 170 164 213
f 176 155 2
f 85 164 148
f 186 182 130
f 96 159 205
f 65 170 160
f 186 83 162
f 136 184 44
f 170 115 109
f 195 183 206
f 11 101 120
f 171 153 148
f 165 196 122
f 71 69 67
f 146 34 85
f 92 163 209
f 119 212 59
f 37 55 111
f 170 65 171
f 95 90 37
f 202 118 190
f 186 164 85
f 99 133 188
f 98 66 13
f 49 67 174
f 155 92 2
f 190 168 166
f 81 163 102
f 155 176 94
f 118 202 116
f 156 177 154
f 120 153 169
f 103 177 156
f 150 162 160
f 38 97 14
f 62 67 69
f 177 103 185
f 50 136 44
f 96 147 159
f 21 206 183
f 9 191 17
f 211 160 170
f 176 135 139
f 162 182 186
f 188 149 180
f 27 142 181
f 144 106 12
f 86 127 173
f 153 185 169
f 155 97 38
f 200 192 157
f 171 148 164
f 188 180 199
f 110 116 173
f 102 163 92
f 103 11 169
f 150 160 211
f 194 154 177
f 32 26 12
f 169 185 103
f 27 181 89
f 200 157 99
f 54 47 107
f 202 173 116
f 94 97 155
f 110 189 172
f 142 154 194
f 215 185 153
f 190 166 204
f 131 158 38
f 147 26 135
f 188 153 149
f 180 20 199
f 99 216 203
f 26 147 96
f 173 175 110
f 197 28 71
f 207 188 199
f 113 27 12
f 189 204 166
f 21 69 195
f 170 171 164
f 145 22 178
f 110 175 214
f 194 181 142
f 21 66 69
f 215 153 188
f 184 88 44
f 208 192 89
f 195 69 68
f 32 12 27
f 165 194 177
f 97 90 14
f 89 181 208
f 130 182 187
f 215 177 185
f 86 190 204
f 199 20 89
f 179 39 26
f 214 173 127
f 5 178 55
f 100 189 110
f 25 198 210
f 152 59 55
f 139 48 94
f 187 182 162
f 179 32 39
f 164 186 130
f 89 192 200
f 215 188 133
f 181 194 132
f 131 38 14
f 184 128 121
f 29 39 32
f 44 88 119
f 121 128 178
f 199 99 203
f 195 206 21
f 199 89 200
f 214 127 110
f 193 145 178
f 162 150 187
f 141 210 198
f 173 202 86
f 71 68 69
f 98 126 6
f 25 210 76
f 204 189 100
f 175 173 214
f 164 130 213
f 19 47 54
f 75 163 114
f 90 61 14
f 208 157 192
f 157 181 132
f 119 88 212
f 208 181 157
f 183 195 68
f 100 110 127
f 99 207 216
f 99 188 207
f 207 203 216
f 7 212 88
f 199 200 99
f 147 9 36
f 132 194 165
f 202 190 86
f 62 69 77
f 111 45 61
