v -0.15968999 0.05354400 -0.02978700
v 0.01625500 -0.16814101 -0.20739099
v -0.23712049 -0.21437950 -0.07408975
v 0.13363799 -0.37321201 -0.02853300
v 0.24117950 -0.51059550 -0.02334250
v -0.16177900 -0.55276650 -0.02600600
v 0.29757288 -0.54239053 -0.06858160
v -0.08668400 0.30990499 -0.19481000
v -0.17726550 -0.21404675 -0.14123274
v 0.03811587 -0.18047987 -0.13688087
v 0.09489913 -0.15979306 0.00823781
v -0.18291600 0.18518800 -0.13920850
v -0.15949599 -0.36812401 -0.02465550
v 0.17444350 -0.25031751 -0.12442250
v -0.21209800 -0.14507250 -0.04889800
v 0.35155576 0.20777400 0.29648924
v 0.01400678 0.32885581 -0.16235094
v -0.10509963 -0.41441000 -0.13145062
v 0.24481250 -0.38406837 -0.11611787
v 0.18509856 0.17448668 -0.05040325
v -0.14520849 -0.24175525 0.00544275
v -0.00396887 -0.24532938 -0.30192739
v -0.12351032 0.07403056 -0.18568669
v -0.14342922 0.27957430 -0.05487844
v -0.23191451 -0.34844801 -0.05906500
v 0.11588450 -0.06177000 -0.14691800
v 0.14306475 0.15846001 -0.17796375
v -0.07676800 0.17511825 -0.24501374
v 0.23672099 0.17862700 -0.04946000
v 0.26344749 0.12523200 -0.01437700
v -0.22487999 0.08505513 -0.02967750
v -0.15469150 -0.09480700 -0.06618750
v 0.15225782 -0.11196281 -0.03644409
v 0.03481200 0.14476575 -0.24996100
v -0.00260700 0.19070099 0.29569599
v 0.14145850 -0.28780100 -0.02735675
v 0.36741599 0.27721301 0.31685901
v 0.18317331 -0.53709066 -0.14424312
v 0.22967519 -0.38333908 -0.02986331
v -0.22076949 -0.34149799 -0.01146000
v 0.39821100 0.18249600 0.29497501
v 0.08330300 0.03138075 -0.17609175
v -0.22501899 -0.52695000 -0.03750800
v 0.37523988 0.26325712 0.21635650
v 0.08886131 0.33215740 -0.05169381
v 0.39795151 0.21425299 0.25788951
v -0.04148250 0.15656351 0.26021251
v -0.11239363 -0.07725825 0.00114637
v 0.16176949 -0.50648952 -0.06561900
v 0.12205000 0.00825700 -0.06653200
v 0.24924549 -0.24397150 -0.06738050
v -0.14572100 -0.56022602 -0.18697850
v 0.33785051 0.30701700 0.27467701
v -0.10735900 -0.26100799 -0.11537850
v -0.11435562 -0.47157437 -0.12603626
v -0.23829025 -0.56614077 -0.07078175
v -0.22672699 -0.35793900 -0.14147501
v -0.18329000 -0.45148700 -0.18610600
v 0.00937800 0.20717400 0.21475551
v -0.22009650 -0.50102103 -0.12691849
v -0.02308750 -0.14434674 0.00207762
v -0.11629700 -0.31847149 -0.05699250
v 0.02412300 -0.21169400 -0.22354300
v -0.10873600 -0.53795350 -0.15754800
v -0.39007774 0.23113550 0.22283950
v 0.03877650 -0.19803050 -0.07732850
v -0.22424500 0.21190099 -0.00803600
v 0.34500951 0.18546450 0.06979575
v 0.19136900 0.08918850 0.01886425
v -0.07052950 0.34298474 0.03696225
v -0.00555500 -0.18916100 -0.16021501
v 0.10150700 -0.11355800 -0.17767026
v 0.24453750 -0.22669400 -0.01286250
v -0.13080201 0.01847700 -0.12999199
v -0.15440249 -0.49221826 -0.06631500
v 0.03192100 0.31759501 0.17507400
v -0.39963400 0.30708599 0.20196812
v 0.07678800 -0.01475500 0.00374200
v -0.07120313 0.04991262 0.07412662
v -0.19345000 -0.20531900 0.01163300
v -0.25711900 0.13015200 -0.07044900
v 0.36671701 0.17450300 0.22036700
v 0.20280150 -0.46740401 -0.14504050
v 0.32602200 0.27070099 0.20341000
v -0.40035775 0.20014113 0.06310263
v 0.28188100 0.21009700 0.03190250
v -0.19328600 0.22877800 -0.07276200
v 0.31854001 0.24797100 0.24615000
v -0.32514924 0.11447675 0.03443275
v -0.27399501 0.09466400 0.04524600
v 0.09442550 0.07243250 0.08131475
v 0.02378950 0.17014150 0.26128599
v -0.27010301 0.20402600 0.06129400
v -0.32579401 0.16441600 0.00193200
v -0.32206899 0.25537774 0.06839300
v 0.33460501 0.12687850 0.15289000
v 0.15740350 -0.40337151 -0.13483125
v -0.08096650 0.21844463 0.14258926
v 0.15225956 0.18667394 0.06596506
v -0.10371400 -0.15248750 -0.16750801
v 0.23170000 -0.56145853 -0.00286750
v -0.19042650 0.15443800 0.04120400
v -0.03669400 -0.03424300 -0.21371500
v -0.19837500 -0.29040101 -0.11540100
v 0.00048100 -0.22691301 -0.20481899
v -0.12424200 0.23309700 0.08243100
v -0.19120200 0.10617500 -0.09542000
v -0.12912899 -0.07564700 -0.14681700
v 0.17287000 0.13107701 0.06620400
v 0.07729400 0.29286250 0.06841150
v -0.26644799 0.18506899 -0.05363700
v -0.09947650 0.18061700 0.08125000
v -0.05988100 0.31741875 0.16070050
v 0.12415600 -0.41058901 -0.09054200
v -0.13707700 -0.04566900 -0.07713800
v -0.01189525 -0.15477049 -0.20309100
v -0.04845900 -0.19824000 -0.09336150
v 0.23075800 0.13288200 0.10108000
v -0.03019650 0.13761900 0.16585650
v -0.25357601 0.13989900 0.06367400
v 0.24247600 0.21277000 0.12725000
v 0.21534801 0.17521100 0.09238200
v -0.35697499 0.22963500 0.02409200
v -0.39806399 0.17256600 0.14977799
v -0.42025149 0.21812899 0.11736150
v -0.02255900 0.13846050 0.09976250
v 0.25285101 -0.46864700 -0.07789400
v 0.38979200 0.17313300 0.13916500
v -0.14035749 -0.34673524 -0.14497250
v 0.06957750 0.16818400 0.08655250
v 0.31757599 0.13206001 0.07892100
v 0.06654200 0.30301300 0.14657401
v -0.31212476 0.13639075 0.12035500
v -0.11562475 0.38609576 0.14863025
v -0.18842100 -0.48150700 -0.09647300
v 0.04182100 0.35227901 0.10729400
v 0.06645275 0.39990276 0.17399450
v -0.33106700 0.26474300 0.14243300
v 0.09221100 0.36829501 0.13918500
v -0.11387200 0.34809601 0.12060700
v -0.05747000 -0.16366901 -0.16419300
v 0.28606501 0.26516700 0.13484000
v 0.29688200 0.12945101 0.17814100
v 0.05732350 0.20874600 0.13867199
f 81 107 31
f 75 60 43
f 67 24 87
f 87 111 67
f 90 120 133
f 36 11 66
f 15 32 9
f 117 66 61
f 16 37 53
f 42 50 26
f 8 24 17
f 61 66 11
f 73 51 33
f 20 50 42
f 81 89 94
f 41 16 82
f 61 21 62
f 126 59 119
f 141 54 100
f 8 28 24
f 39 49 5
f 16 53 88
f 40 3 25
f 115 32 48
f 84 142 121
f 99 122 20
f 46 44 37
f 107 74 1
f 23 42 103
f 50 69 78
f 74 48 1
f 116 141 100
f 15 48 32
f 19 51 39
f 117 62 54
f 95 111 94
f 92 35 47
f 28 8 17
f 40 75 13
f 4 36 14
f 35 92 59
f 35 59 47
f 20 29 30
f 49 101 5
f 69 50 20
f 27 34 17
f 6 52 64
f 97 14 19
f 36 4 39
f 81 111 12
f 55 18 62
f 44 53 37
f 12 111 87
f 54 141 117
f 56 6 43
f 9 108 100
f 75 135 60
f 104 25 3
f 127 19 39
f 33 36 39
f 60 25 57
f 93 111 95
f 70 17 24
f 1 31 107
f 46 37 16
f 103 72 116
f 6 75 43
f 45 99 20
f 135 40 25
f 4 14 114
f 19 83 97
f 88 53 84
f 68 30 29
f 90 89 31
f 69 91 78
f 33 72 26
f 18 54 62
f 3 80 15
f 40 21 3
f 137 139 136
f 56 43 60
f 93 67 111
f 123 95 94
f 71 116 105
f 31 1 48
f 21 61 48
f 23 107 12
f 86 29 20
f 68 29 86
f 31 48 79
f 59 113 98
f 58 55 64
f 27 42 34
f 78 11 33
f 2 71 105
f 23 103 100
f 24 67 102
f 114 39 4
f 80 48 15
f 47 59 98
f 36 33 11
f 13 21 40
f 45 27 17
f 75 64 55
f 22 63 105
f 94 85 123
f 3 21 80
f 66 14 36
f 96 16 143
f 23 74 107
f 9 54 129
f 78 33 50
f 114 97 38
f 67 93 102
f 42 27 20
f 21 13 62
f 119 47 98
f 96 128 82
f 121 16 88
f 106 102 112
f 102 90 31
f 19 14 51
f 47 119 92
f 126 144 59
f 39 114 49
f 82 44 46
f 59 76 113
f 21 48 80
f 9 129 104
f 82 128 44
f 142 84 44
f 45 20 27
f 48 61 79
f 105 63 2
f 83 38 97
f 75 6 64
f 79 61 11
f 71 141 116
f 81 31 89
f 120 102 93
f 102 31 79
f 7 5 101
f 104 129 57
f 3 9 104
f 94 111 81
f 42 23 34
f 85 94 89
f 102 79 112
f 13 55 62
f 6 56 52
f 16 96 82
f 63 116 2
f 69 109 91
f 54 18 129
f 83 19 127
f 24 102 106
f 44 84 53
f 54 9 100
f 30 68 131
f 7 127 5
f 30 131 69
f 38 49 114
f 16 121 143
f 32 115 108
f 66 10 14
f 50 33 26
f 72 42 26
f 75 40 135
f 90 102 120
f 25 104 57
f 45 17 110
f 65 138 77
f 45 110 99
f 91 109 99
f 121 118 143
f 116 10 2
f 69 118 109
f 131 128 96
f 74 115 48
f 20 121 86
f 121 88 84
f 11 78 91
f 122 99 109
f 119 59 92
f 60 58 56
f 20 30 69
f 71 117 141
f 38 101 49
f 33 39 73
f 121 20 122
f 131 118 69
f 76 59 132
f 75 55 13
f 10 71 2
f 133 120 93
f 66 117 10
f 10 116 72
f 90 133 89
f 79 126 112
f 44 68 86
f 52 56 58
f 126 79 130
f 74 108 115
f 9 3 15
f 142 86 121
f 116 100 103
f 68 128 131
f 24 106 98
f 107 81 12
f 65 77 124
f 99 130 91
f 10 72 14
f 122 109 118
f 132 110 136
f 85 89 124
f 10 117 71
f 79 11 91
f 44 86 142
f 98 112 126
f 28 23 12
f 91 130 79
f 24 98 70
f 46 41 82
f 133 124 89
f 85 95 123
f 106 112 98
f 144 130 99
f 133 93 138
f 97 114 14
f 108 23 100
f 132 99 110
f 110 17 136
f 23 108 74
f 124 125 85
f 135 25 60
f 139 132 136
f 87 24 12
f 95 138 93
f 18 58 129
f 121 122 118
f 18 55 58
f 144 99 132
f 140 134 70
f 129 58 57
f 28 12 24
f 119 98 126
f 72 33 14
f 70 98 140
f 144 126 130
f 65 133 138
f 136 17 70
f 28 34 23
f 125 124 77
f 5 127 39
f 77 95 85
f 103 42 72
f 118 131 96
f 70 134 113
f 144 132 59
f 38 83 7
f 17 34 28
f 7 83 127
f 136 76 137
f 136 70 113
f 125 77 85
f 68 44 128
f 105 116 22
f 124 133 65
f 60 57 58
f 22 116 63
f 138 95 77
f 118 96 143
f 16 41 46
f 62 117 61
f 33 51 14
f 140 113 134
f 140 98 113
f 76 139 137
f 76 132 139
f 7 101 38
f 136 113 76
f 108 9 32
f 52 58 64
f 73 39 51
