v -0.92095125 0.74168777 -0.31466538
v -0.40997943 0.44049445 -0.46646342
v -0.50594944 0.34868243 -0.00575136
v -0.12134926 -0.04836664 -0.17090282
v -0.28536776 -0.06380725 -0.05538358
v -0.59558636 0.61099780 -0.26824063
v -0.70277649 0.65073264 -0.12117704
v 0.02389220 -0.03922750 -0.24018700
v -0.68693548 -0.02538052 -0.02366795
v -0.95723897 0.27585000 -0.28497800
v -0.77842349 -0.04000199 -0.14698258
v -0.76471448 0.87850952 -0.75122350
v 0.00189239 0.16451062 -0.13387820
v -0.88217521 0.20998567 -0.19264124
v -0.59739590 0.04245550 -0.42165601
v -0.69369000 0.01329410 -0.38505200
v -0.37045500 0.53843278 -0.08600415
v -0.38425362 -0.06690526 -0.40250114
v -0.87702560 0.63594496 -0.00301543
v -0.69598675 0.17729875 -0.04925190
v -0.45816144 0.91428179 -0.47041732
v -0.83995497 0.40485474 -0.40440899
v -0.12604305 0.02338171 -0.43221226
v 0.10250805 0.09304330 -0.21617950
v -0.50176150 -0.02231169 0.02758083
v -0.55633932 -0.06212049 -0.30998391
v -0.80489737 0.78479648 -0.68465978
v -0.98828173 0.56455773 -0.21523775
v -0.78373975 0.01340452 -0.29635674
v -0.84091502 0.90976715 -0.67726177
v -0.73824435 -0.07115080 -0.40177587
v -0.14689748 0.45414662 -0.08882267
v -0.51296127 0.19542350 -0.58213025
v -0.82237846 0.41365713 -0.02911458
v -0.03428181 0.03713790 -0.37006900
v -0.58806199 -0.08388250 -0.53937799
v -0.67914689 0.29027963 -0.47036338
v -0.12212135 0.40060025 -0.41435200
v -0.77631527 0.78147948 -0.35718349
v -0.27100724 0.05013432 0.03385420
v -0.39545614 0.24592231 0.05342133
v -0.92818481 0.48624888 -0.03200237
v 0.01446049 0.21110350 -0.32783386
v -0.15229000 0.56656599 -0.23261499
v -0.73244298 0.82153100 -0.28521901
v -0.44696730 -0.01411087 -0.51513034
v -0.57191700 0.90541774 -0.35122514
v -0.94128948 0.49359626 -0.32037124
v -0.80279714 0.70148361 -0.43084237
v -0.72287601 0.01788010 -0.12079600
f 33 37 2
f 43 24 35
f 19 34 7
f 46 15 33
f 18 4 5
f 5 26 18
f 14 48 10
f 9 3 20
f 25 40 41
f 7 6 21
f 14 10 22
f 37 22 2
f 34 3 6
f 44 38 2
f 49 22 48
f 13 41 40
f 36 18 31
f 29 37 16
f 33 2 46
f 9 11 26
f 36 31 46
f 45 1 19
f 46 2 23
f 1 30 27
f 4 8 24
f 6 22 49
f 25 3 9
f 14 22 37
f 50 11 9
f 26 11 31
f 45 21 39
f 29 14 37
f 35 8 4
f 34 19 42
f 21 47 7
f 23 35 4
f 32 17 3
f 44 17 32
f 48 42 28
f 15 37 33
f 23 2 43
f 42 14 34
f 4 24 13
f 24 43 13
f 5 4 13
f 29 11 14
f 38 32 13
f 14 9 20
f 9 26 5
f 16 31 29
f 1 28 19
f 9 5 25
f 4 18 23
f 12 49 27
f 42 48 14
f 6 49 39
f 31 18 26
f 47 45 7
f 41 32 3
f 34 14 20
f 30 39 49
f 5 40 25
f 11 29 31
f 14 50 9
f 35 23 43
f 12 27 30
f 24 8 35
f 44 32 38
f 17 6 3
f 45 47 21
f 6 7 34
f 38 13 43
f 5 13 40
f 19 7 45
f 23 18 46
f 6 17 2
f 1 49 48
f 50 14 11
f 16 37 15
f 43 2 38
f 1 48 28
f 20 3 34
f 46 31 15
f 45 39 1
f 39 21 6
f 42 19 28
f 46 18 36
f 41 3 25
f 6 2 22
f 41 13 32
f 22 10 48
f 12 30 49
f 39 30 1
f 27 49 1
f 31 16 15
f 2 17 44
