v -0.41171375 0.47499424 -0.46724749
v -0.98123300 0.73643702 -0.21984500
v -0.39369825 0.38251474 -0.50230724
v -0.54416573 0.23941572 -0.03596478
v -0.13914600 -0.05150850 -0.11664400
v -0.36470300 -0.07026200 -0.04083250
v -0.64436501 0.59101701 -0.32188299
v -0.71775901 0.69342601 -0.12291300
v -0.67206597 0.64550400 -0.29170799
v 0.02389220 -0.03922750 -0.24018700
v -0.61566752 -0.04256740 -0.01852745
v -0.95723897 0.27585000 -0.28497800
v -0.80349302 -0.01956350 -0.09705290
v -0.76471448 0.87850952 -0.75122350
v -0.03850230 0.17015450 -0.09688185
v -0.63643199 0.41720900 -0.03674230
v -0.82535398 0.10985100 -0.20660800
v -0.54743397 0.03825300 -0.42508101
v -0.69369000 0.01329410 -0.38505200
v -0.67112327 -0.08407912 -0.05357830
v -0.39933601 0.90261400 -0.53397900
v -0.42512000 0.57310301 -0.12107600
v -0.46519300 0.36576599 0.00359484
v -0.33609876 -0.05895755 -0.34453836
v -0.83205903 0.65297049 0.01325160
v -0.64531100 0.15293799 -0.03751820
v -0.44935474 0.89774698 -0.45168564
v -0.11158000 -0.07946830 -0.19066800
v -0.26180449 -0.07780495 -0.13193250
v -0.85594898 0.47850901 -0.38131800
v -0.35918799 -0.04513790 -0.08956070
v 0.01461870 0.11505700 -0.10411000
v -0.19411725 -0.02519894 -0.48065051
v -0.74390203 -0.03344845 -0.20307051
v 0.11759200 0.12151900 -0.26874301
v -0.88682699 0.15999199 -0.31441101
v -0.49970400 0.02002850 0.03686160
v -0.71169102 0.56253302 -0.05631420
v -0.59131002 0.04101240 -0.05102140
v -0.05796885 0.07196235 -0.38377401
v -0.20471001 -0.07093390 -0.23820500
v -0.50729901 -0.05910630 -0.23971599
v -0.82526374 0.75336802 -0.62559551
v -0.93911999 0.67875302 -0.29055601
v -0.99827701 0.60299700 -0.18308400
v -0.78453100 0.81622499 -0.74372399
v -0.73579198 0.04892520 -0.30765799
v -0.20325400 -0.07627820 -0.02859640
v -0.87308800 0.88712847 -0.64235401
v -0.49206451 0.57669550 -0.23949800
v -0.35349599 -0.08326205 -0.45505074
v -0.82017100 -0.04980120 -0.36451000
v -0.14858700 0.43426099 -0.04711470
v -0.47754800 0.14944200 -0.60219401
v -0.77152300 0.36135501 -0.01257360
v -0.92456597 0.56093103 0.03868110
v -0.06709240 -0.01950280 -0.37015700
v -0.55074900 -0.09264900 -0.21927799
v -0.58806199 -0.08388250 -0.53937799
v -0.69860500 0.28686801 0.00024346
v -0.37006500 0.59022897 -0.35333300
v -0.57329702 -0.05297480 -0.40046701
v -0.27625999 0.38979799 0.00520668
v -0.74317300 0.27031600 -0.48310399
v -0.70226699 -0.07682540 -0.41287899
v -0.68566698 0.72033203 -0.23798500
v -0.89775300 0.35259399 -0.40630299
v -0.08415310 0.46163800 -0.38082999
v -0.59217978 -0.07420307 -0.17929325
v -0.81005800 0.55105901 -0.40009299
v -0.50321400 0.54565698 -0.36746699
v -0.79567999 0.76730198 -0.32492101
v -0.86648399 0.93927199 -0.66374898
v -0.82340699 0.96494001 -0.73443103
v -0.32875699 0.02680740 0.05158510
v -0.72867203 0.41504100 -0.47243601
v -0.72434098 0.08161990 -0.18901800
v -0.23682900 0.01036540 0.00531717
v -0.97343600 0.65474403 -0.16542900
v -0.36640599 0.28544700 0.09267650
v -0.80796403 0.53535599 0.05274390
v -0.89680499 0.77601498 -0.27010900
v -0.23770100 0.58745801 -0.35903901
v -0.17275500 0.41236299 -0.46487299
v -0.98846501 0.50566900 -0.07264670
v -0.15192699 -0.02444960 -0.38200301
v -0.26666000 0.09435780 0.05865900
v -0.83130699 0.27160901 -0.01879940
v -0.91570097 0.22912601 -0.12192400
v -0.87898052 0.74888998 -0.39173901
v 0.01723480 0.08848430 -0.37323001
v -0.48976299 0.03460695 -0.01450220
v -0.94536501 0.64872700 -0.01275170
v -0.60124600 0.25479299 -0.01891360
v 0.00022128 0.20462100 -0.30290300
v -0.58451152 0.12032445 -0.42541900
v -0.01012190 0.33172801 -0.17715099
v -0.15229000 0.56656599 -0.23261499
v -0.82280952 0.87384951 -0.68991047
v -0.06446840 0.02552140 -0.09797050
v -0.54284197 0.77085602 -0.32573700
v -0.61345297 0.72863102 -0.33992499
v -0.27016300 0.60897100 -0.16591001
v -0.77790898 0.60983902 -0.04029160
v 0.02775270 0.01156800 -0.33346900
v -0.96431202 0.35372600 -0.15478900
v -0.67807901 0.03586550 -0.21797200
v -0.39589101 0.31126401 -0.60196400
v -0.71680599 -0.00571346 -0.00574578
v -0.35866499 0.14409000 0.08066180
v -0.74530202 0.08947010 -0.33078700
v -0.17714900 -0.08464120 -0.31065300
v -0.50402701 0.81542301 -0.34075400
v -0.98489797 0.56932199 -0.05904330
v -0.05509630 0.25707701 -0.42224449
v -0.64877099 0.19795699 -0.45551899
v -0.52970201 0.25289401 -0.59191602
v -0.62881899 0.00562227 -0.41806200
v -0.77841401 0.78892797 -0.22268599
v -0.26874399 0.21239699 -0.56977099
v -0.50731999 0.27234301 0.06456570
v -0.93814701 0.45334801 -0.06946090
v -0.51239002 -0.00284590 -0.52810699
v -0.59971398 0.55944598 -0.15373300
v 0.07712560 0.17150000 -0.16055000
v -0.10364000 0.31504101 -0.01402170
v -0.31446701 -0.04344590 0.00419119
v -0.44060999 0.01827670 -0.55136502
v -0.18170600 0.52868003 -0.09825600
v -0.75596547 0.47134051 -0.05529620
v -0.68543798 0.55117100 -0.40602100
v -0.94215250 0.44906801 -0.15848850
v -0.61430401 0.89910603 -0.32612899
v -0.39223701 -0.05471590 -0.51273102
v -0.76108998 -0.07084970 0.00232475
v -0.72595698 0.77076203 -0.12999900
v -0.80754298 -0.09156535 -0.33256549
v -0.77732301 0.94371903 -0.73037398
v -0.99070698 0.50024498 -0.25621900
v -0.49464601 0.14107201 -0.01747130
v -0.91690803 0.75972903 -0.10746700
v -0.85837001 0.23720101 -0.42695799
v -0.66159099 0.03571630 -0.05937440
v -0.37800699 0.37233901 0.04610680
v -0.82697803 0.45104399 -0.01545390
v -0.01392530 0.39109600 -0.29664999
v -0.51132101 -0.06644390 -0.46587700
v -0.14924175 0.06340116 -0.02492220
v -0.36606401 0.50304800 -0.03479340
v -0.81513202 -0.01121560 -0.28673100
v -0.43967399 0.13089301 0.05448290
v -0.51556301 0.34063599 -0.54822302
v -0.52636302 -0.05939390 0.06180280
v -0.89295399 0.47814599 0.02590510
v -0.44591999 0.81523901 -0.42523301
v -0.58609903 0.01342180 -0.48910001
v -0.74840802 0.75799698 -0.32962900
v -0.94444197 0.43356749 -0.28659749
v -0.74609399 0.16940300 -0.43839899
v -0.68647200 0.85413402 -0.34775200
v -0.20696101 0.22133800 0.04942170
v -0.21765199 0.33730400 -0.51505500
v 0.01074439 0.19620350 -0.20024100
v -0.52952999 0.91172951 -0.37632126
v -0.53393799 0.50422502 -0.09596360
v -0.49612200 0.85821700 -0.46758100
v -0.69722903 0.70525998 -0.33614701
v 0.08742410 0.06456760 -0.16361600
v -0.07309170 0.47265899 -0.14390600
v -0.87213802 0.82932699 -0.44293401
v -0.66181099 0.53461200 -0.12094000
v -0.56704700 0.22991601 -0.53221703
v -0.81276500 0.84262198 -0.44455501
v -0.43450499 0.98466402 -0.51612598
v -0.65422702 -0.06040270 -0.48085999
v -0.76869500 0.15073200 -0.07028790
v -0.53511500 0.27314001 -0.00446297
v -0.02301470 0.00507420 -0.10577000
v -0.59259498 0.84315199 -0.42776099
v -0.84714699 0.41787300 -0.06078550
v -0.82694000 0.69833702 -0.46505499
v -0.86470801 0.65698701 -0.37690100
v -0.76280600 -0.08743250 -0.19075400
v -0.69552499 0.10995000 -0.10105300
v -0.83601397 0.74576300 -0.04857350
v -0.63980597 -0.08884250 -0.44545701
v -0.77534801 0.69799298 -0.38959500
v -0.52513701 0.06716250 -0.50199300
v -0.59451097 0.32826099 -0.49274701
v -0.32571900 0.03819980 -0.55047202
v -0.83873302 -0.07356160 -0.26025099
v -0.63837302 0.59393197 -0.21248400
v -0.48967299 0.98530400 -0.45881999
v 0.05635850 0.19135800 -0.29309401
v -0.75764197 0.77628702 -0.50118297
v -0.74844903 0.65065402 -0.37086600
v -0.78097701 0.88167500 -0.65289801
v -0.72287601 0.01788010 -0.12079600
v -0.49121600 -0.08448830 0.02616110
v -0.93813699 0.55362499 -0.35414499
v -0.69710600 0.77659899 -0.24694300
f 74 73 138
f 17 36 111
f 148 5 15
f 23 177 121
f 26 143 39
f 95 115 146
f 172 189 152
f 4 165 16
f 60 55 88
f 129 53 169
f 129 169 98
f 60 26 94
f 64 159 142
f 121 80 144
f 194 35 91
f 81 145 38
f 67 158 30
f 1 84 3
f 188 96 172
f 164 27 174
f 176 17 77
f 24 62 147
f 177 23 4
f 95 194 40
f 176 26 60
f 45 139 85
f 178 32 100
f 90 44 2
f 24 41 29
f 61 103 83
f 193 133 164
f 44 79 2
f 35 125 168
f 144 23 121
f 52 19 65
f 31 42 24
f 18 156 118
f 18 118 96
f 106 158 12
f 39 4 94
f 115 84 68
f 92 75 151
f 72 119 157
f 114 79 45
f 41 24 112
f 36 89 12
f 115 95 40
f 9 192 7
f 117 152 108
f 22 165 149
f 27 155 21
f 104 8 25
f 86 33 40
f 110 151 75
f 2 141 82
f 9 8 192
f 59 186 175
f 101 155 27
f 36 12 142
f 171 124 192
f 76 131 1
f 130 16 124
f 98 68 83
f 182 70 200
f 15 97 126
f 65 137 52
f 148 161 87
f 173 197 73
f 187 196 182
f 4 149 165
f 59 51 186
f 111 116 19
f 54 120 190
f 107 111 47
f 20 183 69
f 49 74 99
f 62 69 186
f 1 83 84
f 59 175 156
f 119 82 141
f 33 134 190
f 170 72 173
f 190 120 33
f 100 15 5
f 186 51 147
f 85 132 122
f 103 22 149
f 164 174 193
f 1 71 61
f 88 180 106
f 90 99 43
f 37 127 92
f 34 191 183
f 178 10 168
f 72 170 82
f 157 119 160
f 188 123 156
f 163 95 97
f 172 117 54
f 25 93 56
f 7 70 196
f 49 73 74
f 3 152 189
f 153 37 11
f 85 114 45
f 188 128 123
f 129 149 53
f 92 4 11
f 11 37 92
f 36 142 159
f 121 140 151
f 172 152 117
f 198 13 109
f 48 127 199
f 106 89 88
f 69 183 137
f 92 151 140
f 160 179 157
f 191 52 137
f 118 19 96
f 201 66 101
f 111 36 159
f 87 110 75
f 34 47 150
f 96 116 189
f 43 46 14
f 37 153 127
f 180 88 55
f 182 196 70
f 121 177 140
f 48 6 29
f 10 28 112
f 57 10 112
f 29 41 28
f 195 187 181
f 135 13 20
f 189 1 3
f 115 68 146
f 201 119 136
f 91 35 105
f 145 81 154
f 84 115 162
f 52 191 150
f 170 90 82
f 1 61 83
f 103 50 22
f 27 164 113
f 172 54 188
f 33 86 112
f 63 149 4
f 165 22 50
f 161 63 80
f 28 178 100
f 98 103 129
f 90 181 182
f 158 132 139
f 107 184 77
f 39 94 26
f 29 6 31
f 96 189 172
f 6 20 31
f 195 173 72
f 57 86 40
f 39 143 11
f 33 120 115
f 93 114 56
f 148 126 161
f 132 106 180
f 198 109 143
f 34 13 198
f 58 42 69
f 178 168 32
f 155 102 166
f 30 200 70
f 143 109 11
f 126 97 169
f 26 176 184
f 60 130 55
f 35 194 125
f 105 10 57
f 48 5 148
f 20 11 135
f 84 83 68
f 187 195 72
f 47 34 107
f 12 89 106
f 131 70 7
f 138 14 74
f 126 169 53
f 24 29 31
f 6 48 199
f 65 118 175
f 123 128 134
f 123 134 59
f 145 154 122
f 146 169 97
f 184 143 26
f 9 196 167
f 20 69 31
f 50 61 71
f 124 165 50
f 66 102 101
f 167 102 9
f 158 139 200
f 176 60 88
f 151 110 80
f 20 199 153
f 19 52 150
f 8 38 192
f 2 79 93
f 120 108 162
f 192 124 7
f 199 127 153
f 63 53 149
f 4 140 177
f 49 170 73
f 21 174 27
f 190 128 54
f 20 6 199
f 110 161 80
f 7 124 50
f 155 101 102
f 132 180 145
f 25 81 104
f 69 137 186
f 95 163 194
f 54 117 108
f 101 27 113
f 29 28 5
f 112 51 33
f 14 195 43
f 178 28 10
f 157 196 72
f 32 168 125
f 132 158 106
f 113 164 101
f 14 99 74
f 11 4 39
f 34 20 13
f 72 196 187
f 47 111 19
f 167 196 157
f 66 9 102
f 186 147 62
f 119 141 185
f 17 89 36
f 133 160 201
f 197 138 73
f 30 76 67
f 150 191 34
f 130 124 171
f 90 182 44
f 136 25 8
f 188 54 128
f 148 87 78
f 82 90 2
f 80 63 144
f 108 152 3
f 137 65 186
f 102 167 166
f 108 3 162
f 34 183 20
f 32 15 100
f 166 21 155
f 86 57 112
f 88 89 176
f 33 115 40
f 189 116 64
f 40 91 57
f 197 173 195
f 127 78 92
f 75 92 78
f 183 191 137
f 184 198 143
f 68 98 146
f 80 121 151
f 21 166 174
f 145 122 132
f 85 154 56
f 111 77 17
f 91 40 194
f 160 193 179
f 193 166 179
f 14 46 99
f 15 163 97
f 70 131 30
f 35 10 105
f 156 18 188
f 65 175 186
f 76 189 64
f 30 158 200
f 98 169 146
f 23 63 4
f 71 7 50
f 136 8 66
f 165 124 16
f 160 133 193
f 135 11 109
f 32 125 163
f 32 163 15
f 171 38 130
f 85 139 132
f 187 182 181
f 164 133 201
f 146 97 95
f 197 14 138
f 96 188 18
f 47 19 150
f 64 116 159
f 93 185 141
f 54 108 120
f 127 148 78
f 46 43 99
f 131 76 30
f 185 136 119
f 167 179 166
f 126 53 63
f 184 107 198
f 33 51 134
f 50 103 61
f 130 38 145
f 44 182 200
f 1 131 71
f 198 107 34
f 19 116 96
f 44 45 79
f 64 142 67
f 9 66 8
f 126 148 15
f 94 4 16
f 89 17 176
f 60 16 130
f 11 20 153
f 55 130 180
f 115 120 162
f 42 31 69
f 44 200 45
f 1 189 76
f 94 16 60
f 93 25 185
f 156 175 118
f 119 72 82
f 174 166 193
f 104 81 38
f 13 135 109
f 154 85 122
f 23 144 63
f 157 179 167
f 64 67 76
f 114 93 79
f 134 51 59
f 161 110 87
f 29 5 48
f 112 24 51
f 24 42 62
f 9 7 196
f 195 181 43
f 77 184 176
f 180 130 145
f 140 4 92
f 116 111 159
f 77 111 107
f 201 160 119
f 7 71 131
f 161 126 63
f 67 142 12
f 67 12 158
f 127 48 148
f 56 154 81
f 128 190 134
f 14 197 195
f 173 73 170
f 59 156 123
f 147 51 24
f 49 90 170
f 93 141 2
f 85 56 114
f 136 185 25
f 91 105 57
f 163 125 194
f 43 181 90
f 41 112 28
f 58 69 62
f 58 62 42
f 171 192 38
f 75 78 87
f 10 35 168
f 129 103 149
f 65 19 118
f 200 139 45
f 25 56 81
f 100 5 28
f 49 99 90
f 38 8 104
f 201 101 164
f 162 3 84
f 66 201 136
f 83 103 98
