v -0.45746386 0.51032561 -0.41735724
v -0.98123300 0.73643702 -0.21984500
v -0.43928543 0.33140430 -0.54615521
v -0.50594944 0.34868243 -0.00575136
v -0.09144378 -0.01810535 -0.10925712
v -0.31187499 -0.06775245 -0.09856455
v -0.64436501 0.59101701 -0.32188299
v -0.73689550 0.71119726 -0.10580065
v -0.67206597 0.64550400 -0.29170799
v 0.02389220 -0.03922750 -0.24018700
v -0.64339536 -0.06332326 -0.03605288
v -0.95723897 0.27585000 -0.28497800
v -0.80349302 -0.01956350 -0.09705290
v -0.76471448 0.87850952 -0.75122350
v -0.09491914 0.17528202 -0.07061180
v -0.76186073 0.09709868 -0.17944100
v -0.59739590 0.04245550 -0.42165601
v -0.69369000 0.01329410 -0.38505200
v -0.47184724 0.87664926 -0.49082500
v -0.37484601 0.57381749 -0.13721490
v -0.38425362 -0.06690526 -0.40250114
v -0.87831253 0.60695076 0.02596635
v -0.62327850 0.20386550 -0.02821590
v -0.44935474 0.89774698 -0.45168564
v -0.15125474 -0.07862792 -0.23254851
v -0.85594898 0.47850901 -0.38131800
v 0.01461870 0.11505700 -0.10411000
v -0.12604305 0.02338171 -0.43221226
v -0.75335401 -0.06044047 -0.19691224
v 0.11759200 0.12151900 -0.26874301
v -0.88682699 0.15999199 -0.31441101
v -0.49473351 0.02731773 0.01117970
v -0.71169102 0.56253302 -0.05631420
v -0.62645048 0.03836435 -0.05519790
v -0.53938168 -0.07126617 -0.21950081
v -0.80489737 0.78479648 -0.68465978
v -0.93911999 0.67875302 -0.29055601
v -0.98828173 0.56455773 -0.21523775
v -0.74054700 0.06919765 -0.31922251
v -0.25886050 -0.05986205 -0.01220260
v -0.84091502 0.90976715 -0.67726177
v -0.49206451 0.57669550 -0.23949800
v -0.81385702 -0.07068328 -0.34853774
v -0.22070324 0.43563426 -0.03373934
v -0.51296127 0.19542350 -0.58213025
v -0.81777894 0.37627026 -0.04277526
v -0.08579843 -0.01420850 -0.36690801
v -0.58806199 -0.08388250 -0.53937799
v -0.30388299 0.58884352 -0.35618600
v -0.57329702 -0.05297480 -0.40046701
v -0.73665273 0.31745026 -0.46659374
v -0.66263175 -0.07161833 -0.45501399
v -0.65082836 0.76666737 -0.26627913
v -0.87806147 0.29489750 -0.41663051
v -0.12212135 0.40060025 -0.41435200
v -0.74774802 0.55111498 -0.40305701
v -0.77631527 0.78147948 -0.35718349
v -0.27100724 0.05013432 0.03385420
v -0.36640599 0.28544700 0.09267650
v -0.80796403 0.53535599 0.05274390
v -0.88172603 0.77578050 -0.37413025
v -0.96341562 0.49435174 -0.08990985
v -0.91570097 0.22912601 -0.12192400
v 0.01723480 0.08848430 -0.37323001
v -0.94536501 0.64872700 -0.01275170
v 0.01446049 0.21110350 -0.32783386
v -0.15229000 0.56656599 -0.23261499
v -0.55063051 0.76609224 -0.38163450
v -0.96431202 0.35372600 -0.15478900
v -0.71680599 -0.00571346 -0.00574578
v -0.64877099 0.19795699 -0.45551899
v -0.77841401 0.78892797 -0.22268599
v -0.50731999 0.27234301 0.06456570
v -0.44696730 -0.01411087 -0.51513034
v -0.63456774 0.57048053 -0.17491025
v 0.07712560 0.17150000 -0.16055000
v -0.61430401 0.89910603 -0.32612899
v -0.76108998 -0.07084970 0.00232475
v -0.50113750 0.20456125 0.00702142
v -0.87646103 0.75274599 -0.07802025
v -0.82697803 0.45104399 -0.01545390
v -0.36606401 0.50304800 -0.03479340
v -0.81513202 -0.01121560 -0.28673100
v -0.50878948 -0.07194110 0.04398195
v -0.89295399 0.47814599 0.02590510
v -0.94444197 0.43356749 -0.28659749
v -0.68647200 0.85413402 -0.34775200
v -0.20696101 0.22133800 0.04942170
v 0.01074439 0.19620350 -0.20024100
v -0.52952999 0.91172951 -0.37632126
v 0.08742410 0.06456760 -0.16361600
v -0.07309170 0.47265899 -0.14390600
v -0.46208900 0.98498398 -0.48747301
v -0.76869500 0.15073200 -0.07028790
v -0.84582400 0.67766201 -0.42097801
v -0.75977027 0.72530526 -0.44070676
v -0.59451097 0.32826099 -0.49274701
v -0.83873302 -0.07356160 -0.26025099
v -0.72287601 0.01788010 -0.12079600
v -0.93813699 0.55362499 -0.35414499
f 16 31 39
f 4 79 73
f 45 97 3
f 44 92 67
f 73 59 4
f 66 30 64
f 60 81 33
f 54 86 26
f 1 55 3
f 74 17 45
f 90 24 93
f 94 23 46
f 61 37 2
f 21 25 6
f 93 77 90
f 37 38 2
f 30 76 91
f 43 18 52
f 6 35 21
f 69 86 12
f 34 4 23
f 32 58 79
f 31 63 12
f 9 75 7
f 24 68 19
f 2 80 61
f 9 8 75
f 53 68 24
f 31 12 54
f 51 56 1
f 46 4 75
f 67 55 49
f 95 56 100
f 15 88 58
f 4 82 20
f 48 21 52
f 39 71 18
f 45 3 74
f 11 29 35
f 50 35 52
f 1 49 55
f 48 52 74
f 72 61 80
f 74 3 28
f 61 41 36
f 5 10 91
f 57 72 87
f 89 66 15
f 7 56 96
f 84 32 11
f 32 4 11
f 31 54 51
f 99 13 70
f 69 63 46
f 35 29 43
f 87 19 57
f 39 31 51
f 29 39 83
f 17 71 97
f 32 84 40
f 95 96 56
f 47 10 25
f 78 13 11
f 97 1 3
f 53 72 8
f 64 30 47
f 81 60 85
f 43 98 83
f 24 90 53
f 28 47 25
f 44 82 4
f 88 44 59
f 67 20 44
f 86 62 38
f 17 97 45
f 28 3 66
f 65 62 22
f 62 69 46
f 99 70 34
f 29 13 99
f 5 91 27
f 26 100 56
f 34 70 11
f 23 94 16
f 30 66 76
f 40 5 15
f 39 29 16
f 12 63 69
f 15 92 44
f 6 40 84
f 81 85 62
f 55 92 15
f 16 34 23
f 9 96 68
f 11 35 6
f 42 49 1
f 75 20 42
f 86 38 100
f 79 58 59
f 18 43 83
f 8 33 75
f 2 38 65
f 19 93 24
f 11 6 84
f 58 88 59
f 7 75 42
f 62 46 81
f 22 60 8
f 35 43 52
f 6 25 5
f 25 21 28
f 14 96 36
f 5 25 10
f 27 91 76
f 62 86 69
f 11 4 34
f 29 11 13
f 68 96 57
f 53 9 68
f 52 21 50
f 16 63 31
f 77 87 53
f 26 51 54
f 83 98 29
f 61 95 37
f 59 44 4
f 27 15 5
f 46 63 94
f 97 71 51
f 28 64 47
f 41 57 96
f 40 58 32
f 29 98 43
f 16 99 34
f 59 73 79
f 62 85 22
f 64 28 66
f 87 93 19
f 14 36 41
f 30 10 47
f 26 86 100
f 67 92 55
f 1 7 42
f 20 75 4
f 87 77 93
f 78 11 70
f 27 76 89
f 27 89 15
f 75 33 46
f 90 77 53
f 55 15 66
f 39 18 83
f 40 15 58
f 56 51 26
f 80 8 72
f 28 21 74
f 42 20 49
f 46 33 81
f 37 95 100
f 99 16 29
f 18 71 17
f 9 53 8
f 63 16 94
f 66 3 55
f 37 100 38
f 1 97 51
f 23 4 46
f 65 22 80
f 74 52 17
f 72 57 61
f 8 60 33
f 13 78 70
f 57 19 68
f 62 65 38
f 74 21 48
f 6 5 40
f 21 35 50
f 9 7 96
f 96 95 36
f 79 4 32
f 71 39 51
f 53 87 72
f 7 1 56
f 88 15 44
f 54 12 86
f 22 85 60
f 14 41 96
f 57 41 61
f 65 80 2
f 8 80 22
f 89 76 66
f 36 95 61
f 10 30 91
f 44 20 82
f 52 18 17
f 49 20 67
