v 0.00000000 0.00000000 0.48803699
v -0.03941350 0.04218800 0.50291198
v -0.03941350 -0.04218800 0.50291198
v 0.01074200 0.00000000 0.57533300
v -0.03803700 0.05625100 0.47984451
v -0.03803700 -0.05625100 0.47984451
v 0.01953100 0.00000000 0.41365400
v -0.03666050 0.04218800 0.45677799
v -0.03666050 -0.04218800 0.45677799
v -0.03603500 0.00000000 0.44629300
v 0.03875000 0.19625001 0.48803699
v 0.03875000 -0.19625001 0.48803699
v 0.07214388 0.00000000 0.74314326
v 0.04866000 0.19203401 0.57533300
v 0.04866000 -0.19203401 0.57533300
v 0.05676800 0.18858400 0.41365400
v 0.05676800 -0.18858400 0.41365400
v 0.06250000 0.00000000 0.35879499
v 0.09325300 0.17306051 0.71625549
v 0.09325300 -0.17306051 0.71625549
v 0.09640600 0.17171900 0.35879499
v 0.09640600 -0.17171900 0.35879499
v 0.04160150 0.00000000 0.76860452
v 0.04181500 0.04218800 0.77727199
v 0.04181500 -0.04218800 0.77727199
v 0.11523450 0.00000000 0.31080449
v 0.04228500 0.05625100 0.79633999
v 0.04228500 -0.05625100 0.79633999
v 0.04275550 0.04218800 0.81540799
v 0.04275550 -0.04218800 0.81540799
v 0.04296850 0.00000000 0.82407552
v 0.14505351 0.15102001 0.31080449
v 0.14505351 -0.15102001 0.31080449
v 0.14500000 0.35499999 0.48803699
v 0.14500000 -0.35499999 0.48803699
v 0.14921901 0.00000000 0.88702399
v 0.15244150 0.00000000 0.87203199
v 0.15262701 0.34737301 0.57533300
v 0.15262701 -0.34737301 0.57533300
v 0.15991800 0.14469600 0.87203199
v 0.15991800 -0.14469551 0.87203199
v 0.15886700 0.34113300 0.41365400
v 0.15886700 -0.34113300 0.41365400
v 0.18694800 0.31305200 0.71625549
v 0.18694800 -0.31305200 0.71625549
v 0.19296899 0.00000000 0.87399101
v 0.17640400 0.13768201 0.88702399
v 0.17640400 -0.13768101 0.88702399
v 0.17937700 0.13641700 0.87203199
v 0.17937700 -0.13641649 0.87203199
v 0.18937500 0.31062499 0.35879499
v 0.18937500 -0.31062499 0.35879499
v 0.21676350 0.12050950 0.87399101
v 0.21676350 -0.12050950 0.87399101
v 0.22681651 0.27318349 0.31080449
v 0.22681651 -0.27318349 0.31080449
v 0.23825701 0.26174399 0.87203199
v 0.23825701 -0.26174250 0.87203199
v 0.25094500 0.24905600 0.88702399
v 0.25094500 -0.24905400 0.88702399
v 0.25323349 0.24676700 0.87203199
v 0.25323349 -0.24676649 0.87203199
v 0.28200799 0.21799199 0.87399101
v 0.28200799 -0.21799199 0.87399101
v 0.34915262 -0.01571525 0.90772450
v 0.30375001 0.46125001 0.48803699
v 0.30375001 -0.46125001 0.48803699
v 0.30796599 0.45133999 0.57533300
v 0.30796599 -0.45133999 0.57533300
v 0.31141600 0.44323301 0.41365400
v 0.31141600 -0.44323301 0.41365400
v 0.32693949 0.40674701 0.71625549
v 0.32693949 -0.40674701 0.71625549
v 0.32828099 0.40359399 0.35879499
v 0.32828099 -0.40359399 0.35879499
v 0.34897900 0.35494599 0.31080449
v 0.34897900 -0.35494599 0.31080449
v 0.35530350 0.34008300 0.87203199
v 0.35530350 -0.34008050 0.87203199
v 0.41171375 0.13072750 0.90772450
v 0.41171375 -0.13072750 0.90772450
v 0.36231801 0.32359901 0.88702399
v 0.36231801 -0.32359499 0.88702399
v 0.36358351 0.32062399 0.87203199
v 0.36358351 -0.32062301 0.87203199
v 0.37948999 0.28323701 0.87399101
v 0.37948999 -0.28323701 0.87399101
v 0.41484401 0.00000000 1.03776002
v 0.41874999 0.00000000 1.00793004
v 0.43043700 0.04702650 1.03776002
v 0.43043700 -0.04702650 1.03776002
v 0.42502099 0.03197000 1.00793004
v 0.42502099 -0.03197000 1.00793004
v 0.44224200 0.05775800 1.00793004
v 0.44224200 -0.05775800 1.00793004
v 0.45290625 0.00490625 0.93798798
v 0.45755050 0.00679000 0.97115302
v 0.47734374 0.04178025 0.93798798
v 0.47734374 -0.04178025 0.93798798
v 0.46648699 0.07858700 1.03776002
v 0.46648699 -0.07858700 1.03776002
v 0.46803001 0.07498000 1.00793004
v 0.46803001 -0.07498000 1.00793004
v 0.49032599 0.04731600 0.97115302
v 0.49032599 -0.04731600 0.97115302
v 0.50000000 0.00000000 1.05005002
v 0.50000000 0.08125000 1.00793004
v 0.50000000 0.08515700 1.03776002
v 0.53637528 0.16557138 0.90446651
v 0.50000000 0.30703199 0.87399101
v 0.50000000 0.35363975 0.87577999
v 0.50000000 0.38476551 0.31080449
v 0.50000000 0.44091800 0.71625549
v 0.50000000 0.43750000 0.35879499
v 0.50000000 0.48046899 0.41365400
v 0.50000000 0.48925799 0.57533300
v 0.50000000 0.50000000 0.48803699
v 0.50000000 -0.08125000 1.00793004
v 0.50000000 -0.08515700 1.03776002
v 0.53637528 -0.16557138 0.90446651
v 0.50000000 -0.30703199 0.87399101
v 0.50000000 -0.35363737 0.87577999
v 0.50000000 -0.38476551 0.31080449
v 0.50000000 -0.44091800 0.71625549
v 0.50000000 -0.43750000 0.35879499
v 0.50000000 -0.48046899 0.41365400
v 0.50000000 -0.48925799 0.57533300
v 0.50000000 -0.50000000 0.48803699
v 0.52977049 0.03628700 0.97115302
v 0.52977049 -0.03628700 0.97115302
v 0.53021872 0.03684300 0.93798798
v 0.53070313 -0.03438988 0.93798798
v 0.53197002 0.07498000 1.00793004
v 0.53197002 -0.07498000 1.00793004
v 0.55153799 0.06280675 1.03776002
v 0.55153799 -0.06280675 1.03776002
v 0.54921901 0.00000000 0.97115302
v 0.55775797 0.05775800 1.00793004
v 0.55775797 -0.05775800 1.00793004
v 0.57497901 0.03197000 1.00793004
v 0.57497901 -0.03197000 1.00793004
v 0.63159925 0.13159950 0.90120852
v 0.63159925 -0.13159950 0.90120852
v 0.58125001 0.00000000 1.00793004
v 0.58515602 0.00000000 1.03776002
v 0.67098701 0.07275012 0.90120852
v 0.66557151 -0.03637506 0.90446651
v 0.63641697 0.32062399 0.87203199
v 0.63880301 -0.32623038 0.87577999
v 0.64118898 0.33184099 0.87952799
v 0.65101999 0.35494599 0.31080449
v 0.65101999 -0.35494599 0.31080449
v 0.67306048 0.40674701 0.71625549
v 0.67306048 -0.40674701 0.71625549
v 0.67171901 0.40359399 0.35879499
v 0.67171901 -0.40359399 0.35879499
v 0.68858403 0.44323301 0.41365400
v 0.68858403 -0.44323301 0.41365400
v 0.69203401 0.45133999 0.57533300
v 0.69203401 -0.45133999 0.57533300
v 0.69625002 0.46125001 0.48803699
v 0.69625002 -0.46125001 0.48803699
v 0.74676651 0.24676700 0.87203199
v 0.74676651 -0.24676649 0.87203199
v 0.75539899 0.25540000 0.87952799
v 0.75539899 -0.25539824 0.87952799
v 0.77318352 0.27318349 0.31080449
v 0.77318352 -0.27318349 0.31080449
v 0.80703098 0.00000000 0.87399101
v 0.81305200 0.31305200 0.71625549
v 0.81305200 -0.31305200 0.71625549
v 0.81062502 0.31062499 0.35879499
v 0.81062502 -0.31062499 0.35879499
v 0.82623088 0.13880301 0.87577999
v 0.82623088 -0.13880238 0.87577999
v 0.84113300 0.34113300 0.41365400
v 0.84113300 -0.34113300 0.41365400
v 0.85363764 0.00000000 0.87577999
v 0.85494602 0.15102001 0.31080449
v 0.85494602 -0.15102001 0.31080449
v 0.84737301 0.34737301 0.57533300
v 0.84737301 -0.34737301 0.57533300
v 0.85500002 0.35499999 0.48803699
v 0.85500002 -0.35499999 0.48803699
v 0.88476551 0.00000000 0.31080449
v 0.90674698 0.17306051 0.71625549
v 0.90674698 -0.17306051 0.71625549
v 0.90359402 0.17171900 0.35879499
v 0.90359402 -0.17171900 0.35879499
v 0.94091803 0.00000000 0.71625549
v 1.01426005 0.00000000 0.45342249
v 0.98496002 0.00000000 0.63269949
v 1.00968003 0.08830850 0.48143449
v 0.98953998 0.08830850 0.60468751
v 0.99961001 0.11774500 0.54306102
v 1.00968003 -0.08830850 0.48143449
v 0.98953998 -0.08830850 0.60468751
v 0.99961001 -0.11774500 0.54306102
v 0.93750000 0.00000000 0.35879499
v 0.94323200 0.18858400 0.41365400
v 0.94323200 -0.18858400 0.41365400
v 0.95134002 0.19203401 0.57533300
v 0.95134002 -0.19203401 0.57533300
v 0.96125001 0.19625001 0.48803699
v 0.96125001 -0.19625001 0.48803699
v 0.98046899 0.00000000 0.41365400
v 0.98925799 0.00000000 0.57533300
v 1.00000000 0.00000000 0.48803699
v 1.09686995 0.00000000 0.71285999
v 1.10859001 0.06398500 0.69894099
v 1.10859001 -0.06398500 0.69894099
v 1.12539005 0.00000000 0.79326999
v 1.13436997 0.08531300 0.66832000
v 1.13436997 -0.08531300 0.66832000
v 1.13967001 0.04416500 0.78821802
v 1.13967001 -0.04416500 0.78821802
v 1.16015995 0.06398500 0.63769799
v 1.16015995 -0.06398500 0.63769799
v 1.17109001 0.05888700 0.77710497
v 1.17109001 -0.05888700 0.77710497
v 1.17188001 0.00000000 0.62377900
v 1.18730497 0.00000000 0.86896527
v 1.20825505 0.03405750 0.86838901
v 1.20825505 -0.03405750 0.86838901
v 1.20508003 0.00000000 0.86811852
v 1.20251000 0.04416500 0.76599199
v 1.20251000 -0.04416500 0.76599199
v 1.22289503 0.02219250 0.86850202
v 1.22289503 -0.02219250 0.86850202
v 1.21679997 0.00000000 0.76094002
v 1.22981000 0.02812500 0.87746000
v 1.22981000 -0.02812500 0.87746000
v 1.26208496 0.02959000 0.86934549
v 1.26164496 0.04541000 0.86898500
v 1.26208496 -0.02959000 0.86934549
v 1.26164496 -0.04541000 0.86898500
v 1.28164005 0.03750000 0.87937897
v 1.28164005 -0.03750000 0.87937897
v 1.30127501 0.02219250 0.87018949
v 1.30127501 -0.02219250 0.87018949
v 1.31909001 0.00000000 0.87057298
v 1.30156004 0.03515600 0.86303699
v 1.30156004 -0.03515600 0.86303699
v 1.32500005 0.00000000 0.86303699
v 1.33098996 0.03054200 0.87871200
v 1.33098996 -0.03054200 0.87871200
v 1.35531998 0.00000000 0.87941903
v -0.08007800 0.00000000 0.53875703
v -0.10312500 0.00000000 0.76202399
v -0.11142600 0.04218800 0.76966798
v -0.11142600 -0.04218800 0.76966798
v -0.12968799 0.05625100 0.78648400
v -0.12968799 -0.05625100 0.78648400
v -0.13437501 0.00000000 0.60009801
v -0.14194299 0.04218800 0.59261101
v -0.14194299 -0.04218800 0.59261101
v -0.14794900 0.04218800 0.80330002
v -0.14794900 -0.04218800 0.80330002
v -0.15625000 0.00000000 0.81094301
v -0.15664101 0.00000000 0.74535400
v -0.15859400 0.05625100 0.57614100
v -0.15859400 -0.05625100 0.57614100
v -0.16523400 0.00000000 0.66162097
v -0.16756600 0.04218800 0.75040400
v -0.16756600 -0.04218800 0.75040400
v -0.17500000 0.00000000 0.71289098
v -0.17524400 0.04218800 0.55967098
v -0.17524400 -0.04218800 0.55967098
v -0.17588501 0.04218800 0.65672302
v -0.17588501 -0.04218800 0.65672302
v -0.18281201 0.00000000 0.55218500
v -0.18671900 0.04218800 0.71289098
v -0.18671900 -0.04218800 0.71289098
v -0.19160201 0.05625100 0.76151502
v -0.19160201 -0.05625100 0.76151502
v -0.19931599 0.05625100 0.64594698
v -0.19931599 -0.05625100 0.64594698
v -0.21250001 0.05625100 0.71289098
v -0.21250001 -0.05625100 0.71289098
v -0.21563700 0.04218800 0.77262503
v -0.21563700 -0.04218800 0.77262503
v -0.22274800 0.04218800 0.63516998
v -0.22274800 -0.04218800 0.63516998
v -0.22656199 0.00000000 0.77767599
v -0.23339801 0.00000000 0.63027197
v -0.23828100 0.04218800 0.71289098
v -0.23828100 -0.04218800 0.71289098
v -0.25000000 0.00000000 0.71289098
f 165 163 174
f 148 163 150
f 150 163 165
f 111 148 150
f 82 84 111
f 59 61 82
f 82 61 84
f 49 61 47
f 47 61 59
f 37 49 36
f 36 49 47
f 78 82 111
f 57 59 78
f 78 59 82
f 47 59 40
f 40 59 57
f 36 47 13
f 13 47 40
f 48 50 36
f 36 50 37
f 60 62 48
f 48 62 50
f 85 62 83
f 83 62 60
f 122 85 83
f 41 48 13
f 13 48 36
f 58 60 41
f 41 60 48
f 83 60 79
f 79 60 58
f 122 83 79
f 166 164 149
f 175 164 166
f 186 174 190
f 190 174 178
f 170 165 186
f 186 165 174
f 150 165 153
f 153 165 170
f 111 150 113
f 113 150 153
f 202 186 207
f 207 186 190
f 181 170 202
f 202 170 186
f 153 170 159
f 159 170 181
f 113 153 116
f 116 153 159
f 204 202 208
f 208 202 207
f 183 181 204
f 204 181 202
f 159 181 161
f 161 181 183
f 116 159 117
f 117 159 161
f 72 78 113
f 113 78 111
f 44 57 72
f 72 57 78
f 40 57 19
f 19 57 44
f 13 40 19
f 68 72 116
f 116 72 113
f 38 44 68
f 68 44 72
f 19 44 14
f 14 44 38
f 13 19 4
f 4 19 14
f 66 68 117
f 117 68 116
f 34 38 66
f 66 38 68
f 14 38 11
f 11 38 34
f 4 14 1
f 1 14 11
f 20 41 13
f 45 58 20
f 20 58 41
f 79 58 73
f 73 58 45
f 122 79 124
f 124 79 73
f 15 20 4
f 4 20 13
f 39 45 15
f 15 45 20
f 73 45 69
f 69 45 39
f 124 73 127
f 127 73 69
f 12 15 1
f 1 15 4
f 35 39 12
f 12 39 15
f 69 39 67
f 67 39 35
f 127 69 128
f 128 69 67
f 154 149 124
f 124 149 122
f 171 166 154
f 154 166 149
f 175 166 187
f 187 166 171
f 178 175 190
f 190 175 187
f 160 154 127
f 127 154 124
f 182 171 160
f 160 171 154
f 187 171 203
f 203 171 182
f 190 187 207
f 207 187 203
f 162 160 128
f 128 160 127
f 184 182 162
f 162 182 160
f 203 182 205
f 205 182 184
f 207 203 208
f 208 203 205
f 204 208 200
f 200 208 206
f 183 204 176
f 176 204 200
f 157 161 176
f 176 161 183
f 115 117 157
f 157 117 161
f 200 206 188
f 188 206 199
f 176 200 172
f 172 200 188
f 155 157 172
f 172 157 176
f 114 115 155
f 155 115 157
f 188 199 179
f 179 199 185
f 172 188 167
f 167 188 179
f 151 155 167
f 167 155 172
f 112 114 151
f 151 114 155
f 66 117 70
f 70 117 115
f 34 66 42
f 42 66 70
f 16 11 42
f 42 11 34
f 7 1 16
f 16 1 11
f 70 115 74
f 74 115 114
f 42 70 51
f 51 70 74
f 21 16 51
f 51 16 42
f 18 7 21
f 21 7 16
f 74 114 76
f 76 114 112
f 51 74 55
f 55 74 76
f 32 21 55
f 55 21 51
f 26 18 32
f 32 18 21
f 12 1 17
f 17 1 7
f 35 12 43
f 43 12 17
f 71 67 43
f 43 67 35
f 126 128 71
f 71 128 67
f 17 7 22
f 22 7 18
f 43 17 52
f 52 17 22
f 75 71 52
f 52 71 43
f 125 126 75
f 75 126 71
f 22 18 33
f 33 18 26
f 52 22 56
f 56 22 33
f 77 75 56
f 56 75 52
f 123 125 77
f 77 125 75
f 162 128 158
f 158 128 126
f 184 162 177
f 177 162 158
f 201 205 177
f 177 205 184
f 206 208 201
f 201 208 205
f 158 126 156
f 156 126 125
f 177 158 173
f 173 158 156
f 189 201 173
f 173 201 177
f 199 206 189
f 189 206 201
f 156 125 152
f 152 125 123
f 173 156 168
f 168 156 152
f 180 189 168
f 168 189 173
f 185 199 180
f 180 199 189
f 250 24 249
f 249 24 23
f 252 27 250
f 250 27 24
f 257 29 252
f 252 29 27
f 259 31 257
f 257 31 29
f 264 250 260
f 260 250 249
f 274 252 264
f 264 252 250
f 280 257 274
f 274 257 252
f 284 259 280
f 280 259 257
f 272 264 266
f 266 264 260
f 278 274 272
f 272 274 264
f 286 280 278
f 278 280 274
f 288 284 286
f 286 284 280
f 30 31 258
f 258 31 259
f 28 30 253
f 253 30 258
f 25 28 251
f 251 28 253
f 23 25 249
f 249 25 251
f 258 259 281
f 281 259 284
f 253 258 275
f 275 258 281
f 251 253 265
f 265 253 275
f 249 251 260
f 260 251 265
f 281 284 287
f 287 284 288
f 275 281 279
f 279 281 287
f 265 275 273
f 273 275 279
f 260 265 266
f 266 265 273
f 269 272 263
f 263 272 266
f 276 278 269
f 269 278 272
f 282 286 276
f 276 286 278
f 285 288 282
f 282 288 286
f 255 269 254
f 254 269 263
f 261 276 255
f 255 276 269
f 267 282 261
f 261 282 276
f 271 285 267
f 267 285 282
f 2 255 248
f 248 255 254
f 5 261 2
f 2 261 255
f 8 267 5
f 5 267 261
f 10 271 8
f 8 271 267
f 1 2 248
f 287 288 283
f 283 288 285
f 279 287 277
f 277 287 283
f 273 279 270
f 270 279 277
f 266 273 263
f 263 273 270
f 283 285 268
f 268 285 271
f 277 283 262
f 262 283 268
f 270 277 256
f 256 277 262
f 263 270 254
f 254 270 256
f 268 271 9
f 9 271 10
f 262 268 6
f 6 268 9
f 256 262 3
f 3 262 6
f 254 256 248
f 248 256 3
f 248 3 1
f 194 192 210
f 210 192 209
f 195 194 213
f 213 194 210
f 193 195 217
f 217 195 213
f 191 193 221
f 221 193 217
f 210 209 215
f 215 209 212
f 213 210 219
f 219 210 215
f 217 213 226
f 226 213 219
f 230 221 226
f 226 221 217
f 223 215 222
f 222 215 212
f 234 219 223
f 223 219 215
f 242 226 234
f 234 226 219
f 244 230 242
f 242 230 226
f 218 196 221
f 221 196 191
f 214 198 218
f 218 198 196
f 211 197 214
f 214 197 198
f 209 192 211
f 211 192 197
f 218 221 227
f 227 221 230
f 220 214 227
f 227 214 218
f 216 211 220
f 220 211 214
f 212 209 216
f 216 209 211
f 227 230 243
f 243 230 244
f 220 227 236
f 236 227 243
f 216 220 224
f 224 220 236
f 212 216 222
f 222 216 224
f 245 242 234
f 247 244 245
f 245 244 242
f 231 223 222
f 237 234 231
f 231 234 223
f 237 245 234
f 231 222 228
f 228 222 225
f 237 231 233
f 233 231 228
f 245 237 239
f 239 237 233
f 247 245 241
f 241 245 239
f 243 244 246
f 246 244 247
f 236 243 246
f 236 246 238
f 224 236 232
f 232 236 238
f 222 224 232
f 240 246 241
f 241 246 247
f 235 238 240
f 240 238 246
f 229 232 235
f 235 232 238
f 225 222 229
f 229 222 232
f 135 106 145
f 108 106 135
f 135 145 140
f 140 145 144
f 138 135 140
f 133 135 138
f 107 108 133
f 133 108 135
f 140 144 129
f 129 144 137
f 138 140 129
f 129 133 138
f 104 107 129
f 129 107 133
f 129 137 131
f 131 137 132
f 98 104 131
f 131 104 129
f 100 106 108
f 90 106 100
f 88 106 90
f 100 108 102
f 102 108 107
f 90 100 94
f 94 100 102
f 92 90 94
f 89 88 92
f 92 88 90
f 102 107 104
f 94 102 97
f 97 102 104
f 97 92 94
f 97 89 92
f 97 104 98
f 96 97 98
f 91 106 88
f 101 106 91
f 119 106 101
f 91 88 93
f 93 88 89
f 95 91 93
f 103 101 95
f 95 101 91
f 118 119 103
f 103 119 101
f 93 89 97
f 95 93 97
f 105 103 97
f 97 103 95
f 105 118 103
f 99 97 96
f 99 105 97
f 136 106 119
f 145 106 136
f 136 119 134
f 134 119 118
f 139 136 134
f 141 136 139
f 144 145 141
f 141 145 136
f 134 118 130
f 130 118 105
f 139 134 130
f 130 141 139
f 137 144 130
f 130 144 141
f 130 105 132
f 132 105 99
f 132 137 130
f 146 131 147
f 147 131 132
f 142 131 146
f 109 131 142
f 98 131 109
f 169 146 147
f 80 98 109
f 96 98 65
f 65 98 80
f 86 80 110
f 110 80 109
f 63 80 86
f 65 80 53
f 53 80 63
f 46 65 53
f 81 99 65
f 65 99 96
f 120 99 81
f 54 65 46
f 64 81 54
f 54 81 65
f 87 81 64
f 120 81 121
f 121 81 87
f 120 132 99
f 143 132 120
f 147 132 143
