v 0.02072147 0.00000000 0.57363755
v -0.03803700 -0.05625100 0.47984451
v 0.05419913 0.00000000 0.37422687
v -0.03666050 0.04218800 0.45677799
v -0.03666050 -0.04218800 0.45677799
v -0.03603500 0.00000000 0.44629300
v 0.07180106 0.18218769 0.47057125
v 0.07180106 -0.18218769 0.47057125
v 0.04181500 0.04218800 0.77727199
v 0.04181500 -0.04218800 0.77727199
v 0.04275550 0.04218800 0.81540799
v 0.04275550 -0.04218800 0.81540799
v 0.04296850 0.00000000 0.82407552
v 0.17043756 0.32956243 0.47057125
v 0.17043756 -0.32956243 0.47057125
v 0.15083025 0.00000000 0.87952799
v 0.27106082 -0.00785763 0.89085776
v 0.16890424 0.14087275 0.87577999
v 0.16890424 -0.14087212 0.87577999
v 0.21676350 0.12050950 0.87399101
v 0.21676350 -0.12050950 0.87399101
v 0.24517313 0.25482774 0.87577999
v 0.24517313 -0.25482637 0.87577999
v 0.28200799 0.21799199 0.87399101
v 0.28200799 -0.21799199 0.87399101
v 0.31781217 0.42819911 0.47057125
v 0.31781217 -0.42819911 0.47057125
v 0.35912713 0.33109725 0.87577999
v 0.35912713 -0.33109474 0.87577999
v 0.37948999 0.28323701 0.87399101
v 0.37948999 -0.28323701 0.87399101
v 0.47723630 -0.01839612 1.02964628
v 0.48162636 0.07171860 1.02284503
v 0.47518411 -0.07451238 1.02284503
v 0.46439242 0.00923081 0.95457047
v 0.51004827 0.04180150 0.97115302
v 0.51004827 -0.04180150 0.97115302
v 0.47250539 0.11596734 0.91447586
v 0.50000000 0.30703199 0.87399101
v 0.50000000 0.35363975 0.87577999
v 0.50000000 0.44580087 0.37422687
v 0.59180063 0.44964725 0.62397027
v 0.55983591 -0.02429163 0.93990487
v 0.50000000 -0.30703199 0.87399101
v 0.50000000 -0.35363737 0.87577999
v 0.50000000 -0.44580087 0.37422687
v 0.59180063 -0.44964725 0.62397027
v 0.56793624 0.03687150 1.00793004
v 0.63159925 0.13159950 0.90120852
v 0.63159925 -0.13159950 0.90120852
v 0.58515602 0.00000000 1.03776002
v 0.63880301 0.32623249 0.87577999
v 0.63880301 -0.32623038 0.87577999
v 0.67497677 0.41125149 0.37422687
v 0.67497677 -0.41125149 0.37422687
v 0.75108278 0.25108349 0.87577999
v 0.75108278 -0.25108236 0.87577999
v 0.79190427 0.29190424 0.33479974
v 0.79190427 -0.29190424 0.33479974
v 0.80703098 0.00000000 0.87399101
v 0.89088327 0.21195994 0.62397027
v 0.88182014 -0.25786024 0.62397027
v 0.82623088 0.13880301 0.87577999
v 0.82623088 -0.13880238 0.87577999
v 0.84113300 0.34113300 0.41365400
v 0.84113300 -0.34113300 0.41365400
v 0.85363764 0.00000000 0.87577999
v 0.91125101 0.17497675 0.37422687
v 0.91125101 -0.17497675 0.37422687
v 0.94580090 0.00000000 0.37422687
v 1.01426005 0.00000000 0.45342249
v 0.98496002 0.00000000 0.63269949
v 1.00968003 0.08830850 0.48143449
v 0.99961001 0.11774500 0.54306102
v 1.00968003 -0.08830850 0.48143449
v 0.98953998 -0.08830850 0.60468751
v 0.99961001 -0.11774500 0.54306102
v 1.14084589 -0.02815172 0.74965626
v 1.09012890 0.06451980 0.70241994
v 1.19433999 0.00000000 0.69235951
v 1.20508003 0.00000000 0.86811852
v 1.22635245 -0.02515875 0.87298101
v 1.26675379 0.03947750 0.87167364
v 1.26675379 -0.03947750 0.87167364
v 1.30877495 0.02752075 0.87053198
v 1.30877495 -0.02752075 0.87053198
v 1.32962501 0.00000000 0.87090051
v -0.07717738 0.02109400 0.54386014
v -0.04774563 -0.00527350 0.76352686
v -0.05600600 0.05273525 0.79249489
v -0.05600600 -0.05273525 0.79249489
v -0.15621887 0.04746163 0.63375241
v -0.10566763 -0.04130913 0.55585361
v -0.19140600 0.00000000 0.79430950
v -0.19072343 -0.02197294 0.71662438
v -0.24169900 0.00000000 0.67158151
f 16 18 1
f 1 19 16
f 61 63 67
f 61 56 63
f 52 56 42
f 42 56 61
f 40 52 42
f 26 28 42
f 42 28 40
f 14 22 26
f 26 22 28
f 18 22 7
f 7 22 14
f 1 18 7
f 8 19 1
f 15 23 8
f 8 23 19
f 29 23 27
f 27 23 15
f 45 29 47
f 47 29 27
f 47 53 45
f 62 57 47
f 47 57 53
f 64 57 62
f 67 64 61
f 61 64 62
f 68 61 70
f 65 61 68
f 54 42 65
f 65 42 61
f 41 42 54
f 65 68 58
f 58 54 65
f 26 42 41
f 3 1 7
f 8 1 3
f 46 47 27
f 55 47 46
f 62 47 66
f 66 47 55
f 69 62 66
f 70 61 69
f 69 61 62
f 66 55 59
f 59 69 66
f 89 90 9
f 94 13 90
f 90 13 11
f 92 94 90
f 92 89 95
f 92 90 89
f 96 94 92
f 12 13 91
f 91 13 94
f 10 91 89
f 91 94 95
f 95 94 96
f 89 91 95
f 88 92 95
f 93 96 92
f 6 93 4
f 4 93 92
f 95 96 93
f 88 95 93
f 5 93 6
f 2 93 5
f 88 93 1
f 79 72 78
f 73 74 79
f 71 73 80
f 80 73 79
f 85 79 83
f 87 80 85
f 85 80 79
f 78 75 80
f 80 75 71
f 78 77 75
f 78 76 77
f 78 72 76
f 78 80 86
f 86 80 87
f 84 78 86
f 79 78 81
f 78 84 82
f 81 78 82
f 33 32 51
f 33 51 48
f 36 48 43
f 36 33 48
f 36 43 38
f 35 36 38
f 35 33 36
f 35 32 33
f 34 32 35
f 37 34 35
f 48 51 32
f 32 34 37
f 43 48 37
f 37 48 32
f 43 37 35
f 49 38 43
f 17 35 38
f 30 38 39
f 24 38 30
f 17 38 20
f 20 38 24
f 43 35 17
f 25 43 21
f 21 43 17
f 31 43 25
f 44 43 31
